[gd_scene load_steps=17 format=3 uid="uid://ba4t5hqtndstw"]

[ext_resource type="Script" uid="uid://bc0ledofyqad3" path="res://scripts/cc.gd" id="1_ekdi0"]
[ext_resource type="Material" uid="uid://co3y5acwsyhdq" path="res://assets/Textures/green.tres" id="3_vpui0"]
[ext_resource type="Material" uid="uid://bnbfqom1wyvcs" path="res://assets/Textures/Dark_texture.tres" id="4_wj0fa"]
[ext_resource type="Material" uid="uid://dyt6kwwaxc158" path="res://assets/Textures/orange.tres" id="5_ovxex"]
[ext_resource type="PackedScene" uid="uid://j43cqowhjsf6" path="res://nodes/ControllerV2.tscn" id="6_j44o1"]
[ext_resource type="PackedScene" uid="uid://bpk6w56a4l3uy" path="res://nodes/features/jump_pad.tscn" id="7_1j57f"]
[ext_resource type="PackedScene" uid="uid://csuokjcklu0d7" path="res://nodes/world_environment.tscn" id="7_dpdn8"]
[ext_resource type="PackedScene" uid="uid://cbjmtxba73jo0" path="res://nodes/features/loading_zone.tscn" id="7_l4jk3"]
[ext_resource type="Texture2D" uid="uid://b71bi8qhgcy5v" path="res://assets/grunge-top-secret-word-rubber-stamp-top-secret-red-sticker-set-grunge-vintage-square-label-illustration-isolated-on-white-background-vector-3298021134.jpg" id="7_u7gf3"]
[ext_resource type="PackedScene" uid="uid://r3w3ughotgmt" path="res://nodes/features/Running/return_node.tscn" id="8_5wdor"]
[ext_resource type="PackedScene" uid="uid://dth5eq8xdowfn" path="res://nodes/features/Running/speedrunV2.tscn" id="10_xvfda"]
[ext_resource type="PackedScene" uid="uid://b5aaqwp8l466r" path="res://nodes/features/Running/checkpoint.tscn" id="11_3lgdr"]
[ext_resource type="Texture2D" uid="uid://wmnx4ah3a7af" path="res://assets/beach.jpg" id="12_tg8y5"]
[ext_resource type="PackedScene" uid="uid://c0h6pl467n324" path="res://nodes/features/refresh_wall.tscn" id="13_grex1"]
[ext_resource type="PackedScene" uid="uid://kijqmr1af16g" path="res://nodes/objects/house.tscn" id="14_cvy65"]
[ext_resource type="PackedScene" uid="uid://icrg643qftky" path="res://nodes/objects/tree.tscn" id="15_7xeel"]

[node name="Cc" type="Node3D"]
script = ExtResource("1_ekdi0")

[node name="DirectionalLight3D" type="DirectionalLight3D" parent="."]
transform = Transform3D(-0.0508572, 0.975173, 0.215526, -0.923223, -0.128209, 0.362245, 0.380884, -0.180556, 0.906823, 26.8466, 92.9992, -46.4993)
shadow_enabled = true

[node name="WorldEnvironment" parent="." instance=ExtResource("7_dpdn8")]

[node name="Geometry" type="Node3D" parent="."]

[node name="CSGCombiner3D" type="CSGCombiner3D" parent="Geometry"]
use_collision = true

[node name="CSGBox3D" type="CSGBox3D" parent="Geometry/CSGCombiner3D"]
transform = Transform3D(1, 0, 0, 0, 1, 0, 0, 0, 1, -98, 23.0842, 4.5)
size = Vector3(275, 46, 230)
material = ExtResource("3_vpui0")

[node name="CSGPolygon3D" type="CSGPolygon3D" parent="Geometry/CSGCombiner3D"]
transform = Transform3D(1, 0, 0, 0, -4.37114e-08, 36.78, 0, -1, -1.6077e-06, -11.7476, 46.619, 0.5)
operation = 2
polygon = PackedVector2Array(-168, 16, -161, 25, -167, 37, -178, 41, -177, 56, -162.005, 61.6084, -135.512, 55.4124, -122, 48, -92.6565, 67.9483, -87.4089, 57.1616, -73, 56, -17, 72, 6.75613, 55.1209, 2, 24, 5.00695, -14.847, 0, -61, -24, -79, -29.5086, -137.84, -76.4238, -129.664, -158.233, -134.659, -175.4, -90.4507, -185.328, -28.7668, -181.246, -4.56956)
material = ExtResource("4_wj0fa")

[node name="CSGBox3D2" type="CSGBox3D" parent="Geometry/CSGCombiner3D"]
transform = Transform3D(0.966277, 2.25117e-08, 0.257504, 0, -1, 8.74228e-08, 0.257504, -8.44746e-08, -0.966277, -3.03893, 13.4481, -29.2475)
operation = 2
size = Vector3(14, 6, 7)
material = ExtResource("4_wj0fa")

[node name="CSGBox3D3" type="CSGBox3D" parent="Geometry/CSGCombiner3D"]
transform = Transform3D(0.820611, 2.25117e-08, 0.571487, -2.98028e-08, -1, 8.2186e-08, 0.571487, -8.44746e-08, -0.820611, 6.76188, 14, -24.5139)
operation = 2
size = Vector3(12, 6, 7)
material = ExtResource("4_wj0fa")

[node name="CSGBox3D4" type="CSGBox3D" parent="Geometry/CSGCombiner3D"]
transform = Transform3D(0.298628, 0, 2.48202, 0, 1.97908, 0, -1.52367, 0, 0.486458, 18.5556, 29.3979, -13.6024)
operation = 2
size = Vector3(12, 18, 7)
material = ExtResource("4_wj0fa")

[node name="CSGCylinder3D" type="CSGCylinder3D" parent="Geometry/CSGCombiner3D"]
transform = Transform3D(1, 0, 0, 0, 1, 0, 0, 0, 1, 20, 12.2525, -8)
radius = 3.0
material = ExtResource("5_ovxex")

[node name="CSGCylinder3D3" type="CSGCylinder3D" parent="Geometry/CSGCombiner3D"]
transform = Transform3D(1, 0, 0, 0, 1, 0, 0, 0, 1, 20, 11.3478, -8)
radius = 3.22088
material = ExtResource("5_ovxex")

[node name="CSGCylinder3D2" type="CSGCylinder3D" parent="Geometry/CSGCombiner3D"]
transform = Transform3D(1, 0, 0, 0, 1, 0, 0, 0, 1, 20, 13.9691, -8)
material_override = ExtResource("4_wj0fa")
operation = 2
radius = 2.0
material = ExtResource("4_wj0fa")

[node name="CSGPolygon3D2" type="CSGPolygon3D" parent="Geometry/CSGCombiner3D"]
transform = Transform3D(-1.13431, -1.164e-07, -4.2165e-13, 0, 1.74601e-07, -36.78, 9.91649e-08, -1.33146, -4.82311e-06, -201.61, 26.7588, -11.7101)
operation = 2
polygon = PackedVector2Array(-168, 16, -161, 25, -167, 37, -178, 41, -177, 56, -162.005, 61.6084, -135.512, 55.4124, -122, 48, -92.6565, 67.9483, -87.4089, 57.1616, -73, 56, -17, 72, 6.75613, 55.1209, 2, 24, 5.00695, -14.847, 0, -61, -24, -79, -47.4689, -86.8555, -86.99, -79.7121, -136, -95, -176.199, -80.8782, -185.328, -28.7668, -181.246, -4.56956)
material = ExtResource("4_wj0fa")

[node name="TunnelOutline2" type="CSGPolygon3D" parent="Geometry/CSGCombiner3D"]
transform = Transform3D(1.24676e-07, 0, 1.40836, 0, 0.950754, 0, -0.950754, 0, 1.84684e-07, -195.712, 14.5, 27.1517)
polygon = PackedVector2Array(-3.19827, 0.125613, -2, 1, 1, 1, 1, 0, -2, 0, -2.58522, -0.695096, -2.88406, -1.95074, -2.87263, -5.0573, -3.85661, -5.00761, -4.09154, -5.21601, -4.0633, -3.67095, -3.83788, -0.814103)
material = ExtResource("4_wj0fa")

[node name="TunnelOutline3" type="CSGPolygon3D" parent="Geometry/CSGCombiner3D"]
transform = Transform3D(-2.07794e-07, 0, -1.40836, 0, 0.950754, 0, 0.950754, 0, -3.07807e-07, -197.12, 14.5, 25.2502)
polygon = PackedVector2Array(-3.19827, 0.125613, -2, 1, 1, 1, 1, 0, -2, 0, -2.58522, -0.695096, -2.88406, -1.95074, -2.87263, -5.0573, -3.85661, -5.00761, -4.09154, -5.21601, -4.0633, -3.67095, -3.83788, -0.814103)
material = ExtResource("4_wj0fa")

[node name="CSGBox3D5" type="CSGBox3D" parent="Geometry/CSGCombiner3D"]
transform = Transform3D(1, 0, 0, 0, 1, 0, 0, 0, 1, -192.56, 10, 51)
size = Vector3(2, 1, 3)
material = ExtResource("4_wj0fa")

[node name="CSGBox3D7" type="CSGBox3D" parent="Geometry/CSGCombiner3D"]
transform = Transform3D(1, 0, 0, 0, 1, 0, 0, 0, 1, -183.56, 11.5, 60.5)
size = Vector3(2, 4, 2)
material = ExtResource("4_wj0fa")

[node name="CSGBox3D16" type="CSGBox3D" parent="Geometry/CSGCombiner3D"]
transform = Transform3D(0.970464, 0, 0.241245, 0, 1, 0, -0.241245, 0, 0.970464, -183.62, 15, 76.669)
size = Vector3(1, 11, 3)
material = ExtResource("4_wj0fa")

[node name="RefreshWall" parent="Geometry/CSGCombiner3D/CSGBox3D16" instance=ExtResource("13_grex1")]
transform = Transform3D(-4.47035e-08, 0, -1, 0, 1, 0, 1, 0, -4.47035e-08, -0.502975, 2.53133, 0.0250664)

[node name="CSGBox3D18" type="CSGBox3D" parent="Geometry/CSGCombiner3D"]
transform = Transform3D(0.970464, 0, 0.241245, 0, 1, 0, -0.241245, 0, 0.970464, -182.164, 19, 76.3072)
size = Vector3(2, 1, 3)
material = ExtResource("4_wj0fa")

[node name="CSGCylinder3D4" type="CSGCylinder3D" parent="Geometry/CSGCombiner3D"]
transform = Transform3D(-3.20049e-08, -0.994087, 0.217179, 0.390951, 0.0155085, 0.283949, -0.0564135, 0.107476, 1.96779, -134, 26.4855, -42.3188)
radius = 5.0
sides = 14
material = ExtResource("5_ovxex")

[node name="Sprite3D" type="Sprite3D" parent="Geometry/CSGCombiner3D"]
transform = Transform3D(-0.0026698, 0.000856529, 0.126262, 3.63012e-05, 0.0629942, -0.00171678, -0.024857, 0, -0.0135639, -137.378, 24.4855, -50.0621)
texture = ExtResource("7_u7gf3")

[node name="CSGBox3D26" type="CSGBox3D" parent="Geometry/CSGCombiner3D"]
transform = Transform3D(-3.20049e-08, -0.994087, 0.217179, 0.390951, 0.0155085, 0.283949, -0.0564135, 0.107476, 1.96779, -133.891, 25.6501, -41.1939)
operation = 2
size = Vector3(6, 5, 10)
material = ExtResource("4_wj0fa")

[node name="CSGBox3D19" type="CSGBox3D" parent="Geometry/CSGCombiner3D"]
transform = Transform3D(0.856808, 0, -0.515636, 0, 1, 0, 0.515636, 0, 0.856808, -177.844, 13.1022, 83.7889)
size = Vector3(2, 7, 3)
material = ExtResource("4_wj0fa")

[node name="CSGBox3D20" type="CSGBox3D" parent="Geometry/CSGCombiner3D"]
transform = Transform3D(0.856808, 0, -0.515636, 0, 1, 0, 0.515636, 0, 0.856808, -176.102, 13.6022, 84.2173)
size = Vector3(2, 8, 4)
material = ExtResource("4_wj0fa")

[node name="CSGBox3D21" type="CSGBox3D" parent="Geometry/CSGCombiner3D"]
transform = Transform3D(0.856808, 0, -0.515636, 0, 1, 0, 0.515636, 0, 0.856808, -176.844, 14.1022, 81.7889)
size = Vector3(2, 9, 3)
material = ExtResource("4_wj0fa")

[node name="CSGBox3D17" type="CSGBox3D" parent="Geometry/CSGCombiner3D"]
transform = Transform3D(0.970464, 0, 0.241245, 0, 1, 0, -0.241245, 0, 0.970464, -186.531, 11.5, 77.3928)
size = Vector3(5, 4, 3)
material = ExtResource("4_wj0fa")

[node name="CSGBox3D6" type="CSGBox3D" parent="Geometry/CSGCombiner3D"]
transform = Transform3D(1, 0, 0, 0, 1, 0, 0, 0, 1, -192.06, 12, 56)
size = Vector3(3, 1, 1)
material = ExtResource("4_wj0fa")

[node name="CSGBox3D22" type="CSGBox3D" parent="Geometry/CSGCombiner3D"]
transform = Transform3D(1, 0, 0, 0, 1, 0, 0, 0, 1, -191.56, 20, 62)
size = Vector3(4, 1, 3)
material = ExtResource("4_wj0fa")

[node name="CSGBox3D23" type="CSGBox3D" parent="Geometry/CSGCombiner3D"]
transform = Transform3D(1, 0, 0, 0, 1, 0, 0, 0, 1, -190.06, 23, 70)
size = Vector3(3, 1, 3)
material = ExtResource("4_wj0fa")

[node name="Jump_Pad" parent="Geometry/CSGCombiner3D/CSGBox3D23" instance=ExtResource("7_1j57f")]
transform = Transform3D(1, 0, 0, 0, 1, 0, 0, 0, 1, 0.827057, 0.472351, 0.810539)
power = 9

[node name="CSGBox3D24" type="CSGBox3D" parent="Geometry/CSGCombiner3D"]
transform = Transform3D(1, 0, 0, 0, 1, 0, 0, 0, 1, -190.06, 22, 69.8745)
size = Vector3(3, 1, 3.25098)
material = ExtResource("4_wj0fa")

[node name="CSGBox3D8" type="CSGBox3D" parent="Geometry/CSGCombiner3D"]
transform = Transform3D(0.969007, 0, 0.247033, 0, 1, 0, -0.247033, 0, 0.969007, -191.796, 14.862, 63.2269)
operation = 2
size = Vector3(2, 1.48145, 2)
material = ExtResource("4_wj0fa")

[node name="CSGBox3D12" type="CSGBox3D" parent="Geometry/CSGCombiner3D"]
transform = Transform3D(0.969007, 0, 0.247033, 0, 1, 0, -0.247033, 0, 0.969007, -193.215, 10.5796, 61.4532)
operation = 2
size = Vector3(3.78564, 1.48145, 2)
material = ExtResource("4_wj0fa")

[node name="CSGBox3D14" type="CSGBox3D" parent="Geometry/CSGCombiner3D"]
transform = Transform3D(0.969007, 0, 0.247033, 0, 1, 0, -0.247033, 0, 0.969007, -189.554, 18.0159, 70.9197)
operation = 2
size = Vector3(3.78564, 3, 2)
material = ExtResource("4_wj0fa")

[node name="CSGBox3D9" type="CSGBox3D" parent="Geometry/CSGCombiner3D"]
transform = Transform3D(0.969007, 0, 0.247033, 0, 1, 0, -0.247033, 0, 0.969007, -196.334, 13.1027, 67.4428)
operation = 2
size = Vector3(9.00146, 5, 12)
material = ExtResource("4_wj0fa")

[node name="CSGBox3D10" type="CSGBox3D" parent="Geometry/CSGCombiner3D"]
transform = Transform3D(0.969007, 0, 0.247033, 0, 1, 0, -0.247033, 0, 0.969007, -196.125, 17.5654, 69.4805)
operation = 2
size = Vector3(9.00146, 5, 7.94983)
material = ExtResource("4_wj0fa")

[node name="CSGBox3D25" type="CSGBox3D" parent="Geometry/CSGCombiner3D"]
transform = Transform3D(0.998832, 0, -0.0483266, 0.0102052, 0.977449, 0.210925, 0.0472368, -0.211171, 0.976307, -196.924, 24.0892, 96.3817)
operation = 2
size = Vector3(5, 3, 51)
material = ExtResource("4_wj0fa")

[node name="CSGBox3D11" type="CSGBox3D" parent="Geometry/CSGCombiner3D"]
transform = Transform3D(0.969007, 0, 0.247033, 0, 1, 0, -0.247033, 0, 0.969007, -193.718, 11.6213, 64.2372)
size = Vector3(2.58398, 3, 3.64465)
material = ExtResource("4_wj0fa")

[node name="CSGBox3D13" type="CSGBox3D" parent="Geometry/CSGCombiner3D"]
transform = Transform3D(0.969007, 0, 0.247033, 0, 1, 0, -0.247033, 0, 0.969007, -198.974, 11.6213, 72.8836)
size = Vector3(2, 3, 3)
material = ExtResource("4_wj0fa")

[node name="CSGBox3D15" type="CSGBox3D" parent="Geometry/CSGCombiner3D"]
transform = Transform3D(0.969007, 0, 0.247033, 0, 1, 0, -0.247033, 0, 0.969007, -191.51, 15.3144, 71.1931)
size = Vector3(2, 0.847168, 3)
material = ExtResource("4_wj0fa")

[node name="CSGPolygon3D3" type="CSGPolygon3D" parent="Geometry/CSGCombiner3D"]
transform = Transform3D(1, 0, 0, 0, -4.37114e-08, 19, 0, -1, -8.30516e-07, -139, 28.8, -25)
polygon = PackedVector2Array(6.71127, 11.4281, 0.391357, 5.8517, -9.77011, 5.35602, -12.992, -6.04463, -2.3349, -11.4971, 14.1465, -10.8775, 16.0053, 4.11682)
material = ExtResource("4_wj0fa")

[node name="ControllerV2" parent="." instance=ExtResource("6_j44o1")]
transform = Transform3D(1, 0, 0, 0, 1, 0, 0, 0, 1, 20, 15, -8)

[node name="Buildings" type="Node3D" parent="."]

[node name="Tower" type="CSGCombiner3D" parent="Buildings"]
transform = Transform3D(1, 0, 0, 0, 0.997451, 0.0713582, 0, -0.0713582, 0.997451, -89, 10, 17)
use_collision = true

[node name="CSGCylinder3D" type="CSGCylinder3D" parent="Buildings/Tower"]
radius = 12.0
height = 69.7659
material = ExtResource("5_ovxex")

[node name="CSGCylinder3D4" type="CSGCylinder3D" parent="Buildings/Tower"]
transform = Transform3D(0.7063, 0, 0, 0, 1.02096, 0, 0, 0, 0.707048, 0, -0.971502, -0.0695019)
operation = 2
radius = 12.0
height = 69.7659
material = ExtResource("5_ovxex")

[node name="CSGCylinder3D2" type="CSGCylinder3D" parent="Buildings/Tower"]
transform = Transform3D(0.685885, 0, 0, 0, 1.02241, 0, 0, 7.45058e-08, 0.686686, 0.137817, 40.7274, -0.19153)
radius = 12.0
height = 19.3831
material = ExtResource("5_ovxex")

[node name="CSGCylinder3D3" type="CSGCylinder3D" parent="Buildings/Tower"]
transform = Transform3D(0.463061, 0, 0, 0, 1.04612, -7.45058e-09, 0, 0, 0.464171, 0.137817, 27.9626, 0.0642338)
operation = 2
radius = 12.0
height = 55.1546
material = ExtResource("5_ovxex")

[node name="CSGCylinder3D5" type="CSGCylinder3D" parent="Buildings/Tower"]
transform = Transform3D(-1.94646e-07, 0.858665, 0.759439, -4.15415, 0.0256171, -0.12962, -0.297189, -0.358079, 1.81185, 8.71589, 1.16438, -3.58606)
operation = 2
height = 4.22488
material = ExtResource("5_ovxex")

[node name="CSGCylinder3D6" type="CSGCylinder3D" parent="Buildings/Tower"]
transform = Transform3D(-1.94646e-07, 0.858665, 0.759439, -4.15415, 0.0256171, -0.12962, -0.297189, -0.358079, 1.81185, 5.93945, 35.8964, -2.60796)
operation = 2
height = 4.22488
material = ExtResource("5_ovxex")

[node name="CSGBox3D" type="CSGBox3D" parent="Buildings/Tower"]
transform = Transform3D(-0.0261393, 0.85898, 0.757745, -4.16469, -0.00667186, 0.00174291, 0.0148993, -0.358179, 1.81719, 5.68454, 33.9408, -2.65966)
size = Vector3(0.460876, 5, 5)
material = ExtResource("5_ovxex")

[node name="CSGBox3D2" type="CSGBox3D" parent="Buildings/Tower"]
transform = Transform3D(1, 0, 0, 0, 1, 0, 0, 0, 1, 0, 2.50001, -1.90735e-06)
size = Vector3(3, 6, 3)
material = ExtResource("4_wj0fa")

[node name="CSGBox3D3" type="CSGBox3D" parent="Buildings/Tower"]
transform = Transform3D(0.396571, 0, -0.918004, -0.361626, 0.919142, -0.15622, 0.843776, 0.393926, 0.364505, -3.27982, 8.07259, -6.56153)
size = Vector3(2, 1, 6)
material = ExtResource("4_wj0fa")

[node name="CSGBox3D31" type="CSGBox3D" parent="Buildings/Tower"]
transform = Transform3D(-0.956596, 0.283457, -0.0676499, 0.286478, 0.957253, -0.0399599, 0.0534312, -0.0576054, -0.996909, -7.97118, 9.2449, 0.110477)
size = Vector3(2, 1, 6)
material = ExtResource("4_wj0fa")

[node name="CSGBox3D4" type="CSGBox3D" parent="Buildings/Tower"]
transform = Transform3D(1, 0, 0, 0, 1, 0, 0, 0, 1, -7.5, 0.500001, -1.5)
size = Vector3(2, 2, 4)
material = ExtResource("4_wj0fa")

[node name="CSGBox3D5" type="CSGBox3D" parent="Buildings/Tower"]
transform = Transform3D(1, 0, 0, 0, 1, 0, 0, 0, 1, -2.25378, 2.1806, 6.47376)
size = Vector3(2, 1.36121, 3)
material = ExtResource("4_wj0fa")

[node name="CSGBox3D6" type="CSGBox3D" parent="Buildings/Tower"]
transform = Transform3D(0.639224, 0, 0.76902, -1.11759e-08, 1, -7.45058e-09, -0.769021, 0, 0.639225, 5.09999, 3.30376, 5.42522)
size = Vector3(2, 1.36121, 3)
material = ExtResource("4_wj0fa")

[node name="CSGBox3D7" type="CSGBox3D" parent="Buildings/Tower"]
transform = Transform3D(-4.37114e-08, -0.5, 0.866025, 1, 1.11759e-08, 3.72529e-08, 0, 0.866025, 0.5, 6.77141, 10.0635, 3.90947)
size = Vector3(2.84387, 6, 3)
material = ExtResource("4_wj0fa")

[node name="CSGBox3D8" type="CSGBox3D" parent="Buildings/Tower"]
transform = Transform3D(0.639224, 0, 0.76902, -2.23517e-08, 1, -7.45058e-09, -0.769021, 0, 0.639225, 7.7719, 8.79732, 0.336496)
size = Vector3(2, 1.36121, 3)
material = ExtResource("4_wj0fa")

[node name="CSGBox3D9" type="CSGBox3D" parent="Buildings/Tower"]
transform = Transform3D(0.919431, 0, -0.393252, 1.11759e-08, 1, 0, 0.393252, 0, 0.919431, -2.05716, 11.9442, 6.01404)
size = Vector3(2, 1.36121, 4)
material = ExtResource("4_wj0fa")

[node name="Jump_Pad" parent="Buildings/Tower/CSGBox3D9" instance=ExtResource("7_1j57f")]
transform = Transform3D(1, 1.86265e-09, -2.98023e-08, 3.72529e-09, 1, 7.45058e-09, 0, 0, 1, 0.0135651, 0.665884, -1.21363)

[node name="CSGBox3D10" type="CSGBox3D" parent="Buildings/Tower"]
transform = Transform3D(-0.960503, 0, -0.27827, 1.86265e-09, 1, 0, 0.278271, 0, -0.960503, -3.3968, 16.7027, -5.63613)
size = Vector3(2, 1.36121, 4)
material = ExtResource("4_wj0fa")

[node name="Jump_Pad" parent="Buildings/Tower/CSGBox3D10" instance=ExtResource("7_1j57f")]
transform = Transform3D(1, 0, -2.98023e-08, 3.72529e-09, 1, 7.45058e-09, 0, 7.45058e-09, 1, 0.0135651, 0.665886, -1.11363)

[node name="CSGBox3D11" type="CSGBox3D" parent="Buildings/Tower"]
transform = Transform3D(-0.441913, 0, 0.897058, -7.45058e-09, 1, -7.45058e-09, -0.897058, 0, -0.441913, 6.3365, 20.5535, -1.91239)
size = Vector3(2, 1.36121, 4)
material = ExtResource("4_wj0fa")

[node name="Jump_Pad" parent="Buildings/Tower/CSGBox3D11" instance=ExtResource("7_1j57f")]
transform = Transform3D(1, 0, -2.98023e-08, 7.45058e-09, 1, 0, 0, 0, 1, 0.0135651, 0.665886, -1.21363)

[node name="CSGBox3D30" type="CSGBox3D" parent="Buildings/Tower"]
transform = Transform3D(0.562198, 0.00993607, -0.826943, -0.122686, 0.989866, -0.0715143, 0.817852, 0.141659, 0.557719, -6.12244, 20.0551, 5.05472)
size = Vector3(2, 1.36121, 4)
material = ExtResource("4_wj0fa")

[node name="CSGBox3D12" type="CSGBox3D" parent="Buildings/Tower"]
transform = Transform3D(-4.37114e-08, -0.949283, 0.314423, 1, -2.42144e-08, 3.12924e-07, 0, 0.314423, 0.949287, 2.18981, 24.5032, 6.54952)
size = Vector3(3, 14.405, 2.93164)
material = ExtResource("4_wj0fa")

[node name="CSGBox3D13" type="CSGBox3D" parent="Buildings/Tower"]
transform = Transform3D(-4.37114e-08, -0.80367, 0.595077, 1, -3.72529e-08, 3.65078e-07, 0, 0.595078, 0.803677, -5.58755, 26.3013, 2.27183)
size = Vector3(2, 8, 2)
material = ExtResource("4_wj0fa")

[node name="CSGBox3D14" type="CSGBox3D" parent="Buildings/Tower"]
transform = Transform3D(0.136482, 0.535672, -0.833328, 0.873195, 0.332239, 0.356583, 0.467871, -0.776322, -0.422407, 3.95751, 29.31, -3.01692)
size = Vector3(1, 8, 1)
material = ExtResource("4_wj0fa")

[node name="CSGBox3D15" type="CSGBox3D" parent="Buildings/Tower"]
transform = Transform3D(-0.960503, 0.0673952, -0.269986, 7.26432e-08, 0.970228, 0.242193, 0.278271, 0.232627, -0.931907, -0.188904, 30.8833, -5.52437)
size = Vector3(2, 1, 6)
material = ExtResource("4_wj0fa")

[node name="CSGBox3D29" type="CSGBox3D" parent="Buildings/Tower"]
transform = Transform3D(-0.639662, 0.14709, -0.754452, -0.0350253, 0.974923, 0.219769, 0.767859, 0.167003, -0.61847, -6.0359, 27.7979, -5.7451)
size = Vector3(2, 1, 6)
material = ExtResource("4_wj0fa")

[node name="CSGBox3D16" type="CSGBox3D" parent="Buildings/Tower"]
transform = Transform3D(0.151195, -0.540209, -0.827837, -0.945178, -0.324224, 0.0389484, -0.289445, 0.776565, -0.559615, -3.85516, 31.6426, -4.08059)
size = Vector3(2, 1, 6)
material = ExtResource("4_wj0fa")

[node name="CSGBox3D17" type="CSGBox3D" parent="Buildings/Tower"]
transform = Transform3D(-0.250552, 0.551691, 0.795535, 0.967454, 0.172836, 0.184843, -0.0355208, 0.815947, -0.577038, -1.3432, 33.7313, 0.507647)
size = Vector3(1, 11.0308, 1)
material = ExtResource("4_wj0fa")

[node name="CSGBox3D18" type="CSGBox3D" parent="Buildings/Tower"]
transform = Transform3D(0.965926, 0, -0.258819, 3.35276e-08, 1, 0, 0.258819, 0, 0.965926, 7.87267, 35, 3.21557)
size = Vector3(2, 1, 2)
material = ExtResource("4_wj0fa")

[node name="CSGBox3D19" type="CSGBox3D" parent="Buildings/Tower"]
transform = Transform3D(0.420323, 0, -0.907374, 2.08616e-07, 1, 2.42144e-08, 0.907376, 0, 0.420324, 6.02232, 35.8365, 8.31095)
size = Vector3(2, 2.72028, 2)
material = ExtResource("4_wj0fa")

[node name="CSGBox3D20" type="CSGBox3D" parent="Buildings/Tower"]
transform = Transform3D(-0.310594, 0, -0.950543, 4.47035e-08, 1, 3.72529e-09, 0.950543, 0, -0.310593, -0.886314, 38.5138, 8.12353)
size = Vector3(2, 1, 2)
material = ExtResource("4_wj0fa")

[node name="CSGBox3D21" type="CSGBox3D" parent="Buildings/Tower"]
transform = Transform3D(-0.978491, 0, -0.20629, 4.74975e-08, 1, -2.23517e-08, 0.206289, 0, -0.978491, -8.04758, 38.5138, 1.31599)
size = Vector3(2, 1, 2)
material = ExtResource("4_wj0fa")

[node name="Jump_Pad" parent="Buildings/Tower/CSGBox3D21" instance=ExtResource("7_1j57f")]
transform = Transform3D(1, 2.79397e-09, -4.47035e-08, 2.79397e-09, 1, 0, 0, 0, 1, 0.352203, 0.458164, 0.0123367)

[node name="CSGBox3D22" type="CSGBox3D" parent="Buildings/Tower"]
transform = Transform3D(-0.978491, 0, -0.20629, 5.30854e-08, 1, -5.21541e-08, 0.206289, 0, -0.978492, -4.69395, 44.5138, -7.01458)
size = Vector3(2, 1, 2)
material = ExtResource("4_wj0fa")

[node name="CSGBox3D23" type="CSGBox3D" parent="Buildings/Tower"]
transform = Transform3D(-0.744254, 0, -0.667898, 7.82311e-08, 1, -1.04308e-07, 0.667898, 0, -0.744254, 1.82808, 45.5138, -8.55923)
size = Vector3(2, 1, 2)
material = ExtResource("4_wj0fa")

[node name="CSGBox3D24" type="CSGBox3D" parent="Buildings/Tower"]
transform = Transform3D(-0.744254, 0, -0.667899, 1.19209e-07, 1, -7.45058e-09, 0.667898, 0, -0.744257, 2.43728, 46.5138, -7.12199)
size = Vector3(3, 3, 1)
material = ExtResource("4_wj0fa")

[node name="CSGBox3D28" type="CSGBox3D" parent="Buildings/Tower"]
transform = Transform3D(-0.744254, 0, -0.667899, 4.58211e-07, 1, -7.45058e-09, 0.6679, 0, -0.744257, 3.57305, 45.3576, -6.47778)
size = Vector3(3.83008, 0.687683, 3.47607)
material = ExtResource("4_wj0fa")

[node name="CSGBox3D25" type="CSGBox3D" parent="Buildings/Tower"]
transform = Transform3D(-0.744254, 0, -0.6679, 1.60187e-07, 1, -1.49012e-08, 0.667898, 0, -0.744257, 3.57181, 47.5138, -6.62865)
size = Vector3(4, 1, 2)
material = ExtResource("4_wj0fa")

[node name="CSGBox3D26" type="CSGBox3D" parent="Buildings/Tower"]
transform = Transform3D(-0.978491, 0, -0.20629, 1.84402e-07, 1, 7.45058e-09, 0.206289, 0, -0.978495, 7.1722, 48.5138, -1.34039)
size = Vector3(3.1192, 1, 2)
material = ExtResource("4_wj0fa")

[node name="CSGBox3D27" type="CSGBox3D" parent="Buildings/Tower"]
transform = Transform3D(-0.950543, 0, 0.310594, 5.02914e-08, 1, -5.96046e-08, -0.310594, 0, -0.950543, 1.86366, 51.0138, -4.34584)
size = Vector3(2, 2, 2)
material = ExtResource("4_wj0fa")

[node name="Loading Zone" parent="." instance=ExtResource("7_l4jk3")]
transform = Transform3D(4, 0, 0, 0, 4, 0, 0, 0, 4, 20, 11.1577, -8)
PathScene = "res://nodes/levels/Tutorial.tscn"

[node name="Loading Zone2" parent="." instance=ExtResource("7_l4jk3")]
transform = Transform3D(0.996424, 0, 0, 0, 10.1512, 0, 0, 0, 7.63399, -196.263, 9.5514, 26.2675)
PathScene = "res://nodes/levels/City.tscn"

[node name="CityEntrance" parent="." instance=ExtResource("8_5wdor")]
transform = Transform3D(1, 0, 0, 0, 1, 0, 0, 0, 1, -194.141, 10.9799, 26.7103)

[node name="tutorialReturn" parent="." instance=ExtResource("8_5wdor")]
transform = Transform3D(1, 0, 0, 0, 1, 0, 0, 0, 1, 23.4695, 13.5862, -19.0243)

[node name="Runs" type="Node3D" parent="."]

[node name="The Tower" type="Node3D" parent="Runs"]

[node name="start" parent="Runs/The Tower" node_paths=PackedStringArray("restart_point", "other_node") instance=ExtResource("10_xvfda")]
transform = Transform3D(0.866025, 0, 0.5, 0, 1, 0, -0.5, 0, 0.866025, -77.732, 10.3, 14)
run_name = "The Tower"
dev_time = 31.583
restart_point = NodePath("../Return_node")
other_node = NodePath("../end")

[node name="end" parent="Runs/The Tower" node_paths=PackedStringArray("other_node", "checkpoints") instance=ExtResource("10_xvfda")]
transform = Transform3D(0.946097, 0, -0.323884, 0, 1, 0, 0.323884, 0, 0.946097, -88.5837, 64.5944, 13.6261)
other_node = NodePath("../start")
checkpoints = [NodePath("../checkpoints/Checkpoint")]
start_timer_max = 0.0
node_type = 1

[node name="Return_node" parent="Runs/The Tower" instance=ExtResource("8_5wdor")]
transform = Transform3D(1, 0, 0, 0, 1, 0, 0, 0, 1, -76, 11.5, 13)

[node name="checkpoints" type="Node3D" parent="Runs/The Tower"]

[node name="Checkpoint" parent="Runs/The Tower/checkpoints" node_paths=PackedStringArray("mother_run") instance=ExtResource("11_3lgdr")]
transform = Transform3D(0.928596, 0, 0.371092, 0, 1, 0, -0.371092, 0, 0.928596, -82.7463, 45, 11.6902)
mother_run = NodePath("../../start")

[node name="Rock Climbing" type="Node3D" parent="Runs"]

[node name="start" parent="Runs/Rock Climbing" node_paths=PackedStringArray("restart_point", "other_node") instance=ExtResource("10_xvfda")]
transform = Transform3D(1, 0, 0, 0, 1, 0, 0, 0, 1, -192.468, 10.9635, 51)
run_name = "Rock Climbing"
dev_time = 11.392
restart_point = NodePath("../Return_node")
other_node = NodePath("../end")

[node name="end" parent="Runs/Rock Climbing" node_paths=PackedStringArray("other_node") instance=ExtResource("10_xvfda")]
transform = Transform3D(0.707107, 0, 0.707107, 0, 1, 0, -0.707107, 0, 0.707107, -197, 27.2104, 73)
other_node = NodePath("../start")
node_type = 1

[node name="Return_node" parent="Runs/Rock Climbing" instance=ExtResource("8_5wdor")]
transform = Transform3D(1, 0, 0, 0, 1, 0, 0, 0, 1, -192, 11, 45)

[node name="checkpoints" type="Node3D" parent="Runs/Rock Climbing"]

[node name="Spice From the Cliff" type="Node3D" parent="Runs"]

[node name="start" parent="Runs/Spice From the Cliff" node_paths=PackedStringArray("restart_point", "other_node") instance=ExtResource("10_xvfda")]
transform = Transform3D(1, 0, 0, 0, 1, 0, 0, 0, 1, -175, 10.3, -53)
run_name = "Spice from the Cliff"
dev_time = 27.275
restart_point = NodePath("../Return_node")
other_node = NodePath("../end")

[node name="end" parent="Runs/Spice From the Cliff" node_paths=PackedStringArray("other_node", "checkpoints") instance=ExtResource("10_xvfda")]
transform = Transform3D(1, 0, 0, 0, 1, 0, 0, 0, 1, -175, 10.3, -53)
other_node = NodePath("../start")
checkpoints = [NodePath("../checkpoints/Checkpoint")]
node_type = 1

[node name="Return_node" parent="Runs/Spice From the Cliff" instance=ExtResource("8_5wdor")]
transform = Transform3D(1, 0, 0, 0, 1, 0, 0, 0, 1, -175, 11.4, -49)

[node name="checkpoints" type="Node3D" parent="Runs/Spice From the Cliff"]

[node name="Checkpoint" parent="Runs/Spice From the Cliff/checkpoints" node_paths=PackedStringArray("mother_run") instance=ExtResource("11_3lgdr")]
transform = Transform3D(1, 0, 0, 0, 1, 0, 0, 0, 1, -140, 29.3, -17)
mother_run = NodePath("../../start")

[node name="The Trees?" type="Node3D" parent="Runs"]

[node name="start" parent="Runs/The Trees?" node_paths=PackedStringArray("restart_point", "other_node") instance=ExtResource("10_xvfda")]
transform = Transform3D(1, 0, 0, 0, 1, 0, 0, 0, 1, -191.738, 27.2588, -64.3652)
run_name = "THE TREES???"
dev_time = 62.666
restart_point = NodePath("../Return_node")
other_node = NodePath("../end")

[node name="end" parent="Runs/The Trees?" node_paths=PackedStringArray("other_node", "checkpoints") instance=ExtResource("10_xvfda")]
transform = Transform3D(0.965926, 0, -0.258819, 0, 1, 0, 0.258819, 0, 0.965926, -87.4753, 35, -66.1984)
other_node = NodePath("../start")
checkpoints = [NodePath("../checkpoints/added"), NodePath("../checkpoints/added2"), NodePath("../checkpoints/added3"), NodePath("../checkpoints/added4"), NodePath("../checkpoints/added5"), NodePath("../checkpoints/added6"), NodePath("../checkpoints/added7"), NodePath("../checkpoints/added8"), NodePath("../checkpoints/added9"), NodePath("../checkpoints/added10"), NodePath("../checkpoints/added11"), NodePath("../checkpoints/added12"), NodePath("../checkpoints/added13"), NodePath("../checkpoints/added14"), NodePath("../checkpoints/added15"), NodePath("../checkpoints/added16"), NodePath("../checkpoints/added17"), NodePath("../checkpoints/added18"), NodePath("../checkpoints/added19"), NodePath("../checkpoints/added20")]
node_type = 1

[node name="checkpoints" type="Node3D" parent="Runs/The Trees?"]

[node name="added" parent="Runs/The Trees?/checkpoints" node_paths=PackedStringArray("mother_run") instance=ExtResource("11_3lgdr")]
transform = Transform3D(0.5, 0, 0, 0, 0.5, 0, 0, 0, 0.5, -189.351, 32.1861, -66.0942)
mother_run = NodePath("../../start")

[node name="added2" parent="Runs/The Trees?/checkpoints" node_paths=PackedStringArray("mother_run") instance=ExtResource("11_3lgdr")]
transform = Transform3D(0.5, 0, 0, 0, 0.5, 0, 0, 0, 0.5, -196.537, 32.1861, -76.0327)
mother_run = NodePath("../../start")

[node name="added3" parent="Runs/The Trees?/checkpoints" node_paths=PackedStringArray("mother_run") instance=ExtResource("11_3lgdr")]
transform = Transform3D(0.5, 0, 0, 0, 0.5, 0, 0, 0, 0.5, -193.621, 32.1861, -87.0833)
mother_run = NodePath("../../start")

[node name="added4" parent="Runs/The Trees?/checkpoints" node_paths=PackedStringArray("mother_run") instance=ExtResource("11_3lgdr")]
transform = Transform3D(0.5, 0, 0, 0, 0.5, 0, 0, 0, 0.5, -183.163, 32.1861, -81.7663)
mother_run = NodePath("../../start")

[node name="added5" parent="Runs/The Trees?/checkpoints" node_paths=PackedStringArray("mother_run") instance=ExtResource("11_3lgdr")]
transform = Transform3D(0.5, 0, 0, 0, 0.5, 0, 0, 0, 0.5, -182.571, 32.1861, -73.1861)
mother_run = NodePath("../../start")

[node name="added6" parent="Runs/The Trees?/checkpoints" node_paths=PackedStringArray("mother_run") instance=ExtResource("11_3lgdr")]
transform = Transform3D(0.5, 0, 0, 0, 0.5, 0, 0, 0, 0.5, -179.865, 32.1861, -65.5814)
mother_run = NodePath("../../start")

[node name="added7" parent="Runs/The Trees?/checkpoints" node_paths=PackedStringArray("mother_run") instance=ExtResource("11_3lgdr")]
transform = Transform3D(0.5, 0, 0, 0, 0.5, 0, 0, 0, 0.5, -175.698, 32.1861, -88.4966)
mother_run = NodePath("../../start")

[node name="added8" parent="Runs/The Trees?/checkpoints" node_paths=PackedStringArray("mother_run") instance=ExtResource("11_3lgdr")]
transform = Transform3D(0.5, 0, 0, 0, 0.5, 0, 0, 0, 0.5, -164.118, 32.1861, -92.3381)
mother_run = NodePath("../../start")

[node name="added9" parent="Runs/The Trees?/checkpoints" node_paths=PackedStringArray("mother_run") instance=ExtResource("11_3lgdr")]
transform = Transform3D(0.5, 0, 0, 0, 0.5, 0, 0, 0, 0.5, -161.115, 32.1861, -77.3195)
mother_run = NodePath("../../start")

[node name="added10" parent="Runs/The Trees?/checkpoints" node_paths=PackedStringArray("mother_run") instance=ExtResource("11_3lgdr")]
transform = Transform3D(0.5, 0, 0, 0, 0.5, 0, 0, 0, 0.5, -150.12, 32.1861, -83.969)
mother_run = NodePath("../../start")

[node name="added11" parent="Runs/The Trees?/checkpoints" node_paths=PackedStringArray("mother_run") instance=ExtResource("11_3lgdr")]
transform = Transform3D(0.5, 0, 0, 0, 0.5, 0, 0, 0, 0.5, -145.988, 32.1861, -72.827)
mother_run = NodePath("../../start")

[node name="added12" parent="Runs/The Trees?/checkpoints" node_paths=PackedStringArray("mother_run") instance=ExtResource("11_3lgdr")]
transform = Transform3D(0.5, 0, 0, 0, 0.5, 0, 0, 0, 0.5, -136.708, 32.1861, -85.1761)
mother_run = NodePath("../../start")

[node name="added13" parent="Runs/The Trees?/checkpoints" node_paths=PackedStringArray("mother_run") instance=ExtResource("11_3lgdr")]
transform = Transform3D(0.5, 0, 0, 0, 0.5, 0, 0, 0, 0.5, -138.692, 32.1861, -66.249)
mother_run = NodePath("../../start")

[node name="added14" parent="Runs/The Trees?/checkpoints" node_paths=PackedStringArray("mother_run") instance=ExtResource("11_3lgdr")]
transform = Transform3D(0.5, 0, 0, 0, 0.5, 0, 0, 0, 0.5, -135.644, 32.1861, -61.9547)
mother_run = NodePath("../../start")

[node name="added15" parent="Runs/The Trees?/checkpoints" node_paths=PackedStringArray("mother_run") instance=ExtResource("11_3lgdr")]
transform = Transform3D(0.5, 0, 0, 0, 0.5, 0, 0, 0, 0.5, -131.53, 32.1861, -68.9156)
mother_run = NodePath("../../start")

[node name="added16" parent="Runs/The Trees?/checkpoints" node_paths=PackedStringArray("mother_run") instance=ExtResource("11_3lgdr")]
transform = Transform3D(0.5, 0, 0, 0, 0.5, 0, 0, 0, 0.5, -127.259, 32.1861, -77.6775)
mother_run = NodePath("../../start")

[node name="added17" parent="Runs/The Trees?/checkpoints" node_paths=PackedStringArray("mother_run") instance=ExtResource("11_3lgdr")]
transform = Transform3D(0.5, 0, 0, 0, 0.5, 0, 0, 0, 0.5, -123.225, 32.1861, -81.6643)
mother_run = NodePath("../../start")

[node name="added18" parent="Runs/The Trees?/checkpoints" node_paths=PackedStringArray("mother_run") instance=ExtResource("11_3lgdr")]
transform = Transform3D(0.5, 0, 0, 0, 0.5, 0, 0, 0, 0.5, -121.531, 32.1861, -75.5589)
mother_run = NodePath("../../start")

[node name="added19" parent="Runs/The Trees?/checkpoints" node_paths=PackedStringArray("mother_run") instance=ExtResource("11_3lgdr")]
transform = Transform3D(0.5, 0, 0, 0, 0.5, 0, 0, 0, 0.5, -123.066, 32.1861, -55.8101)
mother_run = NodePath("../../start")

[node name="added20" parent="Runs/The Trees?/checkpoints" node_paths=PackedStringArray("mother_run") instance=ExtResource("11_3lgdr")]
transform = Transform3D(0.5, 0, 0, 0, 0.5, 0, 0, 0, 0.5, -107.042, 32.1861, -70.838)
mother_run = NodePath("../../start")

[node name="Return_node" parent="Runs/The Trees?" instance=ExtResource("8_5wdor")]
transform = Transform3D(1, 0, 0, 0, 1, 0, 0, 0, 1, -192, 28.6, -62)

[node name="Spice from the tower" type="Node3D" parent="Runs"]

[node name="start" parent="Runs/Spice from the tower" node_paths=PackedStringArray("restart_point", "other_node") instance=ExtResource("10_xvfda")]
transform = Transform3D(1, 0, 0, 0, 1, 0, 0, 0, 1, -168, 10.3, -45)
run_name = "Spice from the tower"
restart_point = NodePath("../Return_node")
other_node = NodePath("../end")

[node name="end" parent="Runs/Spice from the tower" node_paths=PackedStringArray("other_node", "checkpoints") instance=ExtResource("10_xvfda")]
transform = Transform3D(1, 0, 0, 0, 1, 0, 0, 0, 1, -168, 10.3, -45)
dev_time = 76.075
other_node = NodePath("../start")
checkpoints = [NodePath("../checkpoints/Checkpoint"), NodePath("../checkpoints/Checkpoint2"), NodePath("../checkpoints/Checkpoint3"), NodePath("../checkpoints/Checkpoint4"), NodePath("../checkpoints/Checkpoint5"), NodePath("../checkpoints/Checkpoint6"), NodePath("../checkpoints/Checkpoint7")]
node_type = 1

[node name="Return_node" parent="Runs/Spice from the tower" instance=ExtResource("8_5wdor")]
transform = Transform3D(1, 0, 0, 0, 1, 0, 0, 0, 1, -168, 11.5, -47)

[node name="checkpoints" type="Node3D" parent="Runs/Spice from the tower"]

[node name="Checkpoint" parent="Runs/Spice from the tower/checkpoints" node_paths=PackedStringArray("mother_run") instance=ExtResource("11_3lgdr")]
transform = Transform3D(1, 0, 0, 0, 1, 0, 0, 0, 1, -97.0706, 20.0543, 16.3762)
mother_run = NodePath("../../start")

[node name="Checkpoint2" parent="Runs/Spice from the tower/checkpoints" node_paths=PackedStringArray("mother_run") instance=ExtResource("11_3lgdr")]
transform = Transform3D(0.5, 0, -0.866025, 0, 1, 0, 0.866025, 0, 0.5, -94.1802, 31.6, 19.8056)
mother_run = NodePath("../../start")

[node name="Checkpoint3" parent="Runs/Spice from the tower/checkpoints" node_paths=PackedStringArray("mother_run") instance=ExtResource("11_3lgdr")]
transform = Transform3D(0.546996, 0.203129, 0.812117, -0.0294876, 0.974188, -0.223806, -0.836616, 0.0984734, 0.538867, -94.1132, 38.0079, 10.1947)
mother_run = NodePath("../../start")

[node name="Checkpoint4" parent="Runs/Spice from the tower/checkpoints" node_paths=PackedStringArray("mother_run") instance=ExtResource("11_3lgdr")]
transform = Transform3D(0.780779, 0, 0.624807, 0, 1, 0, -0.624807, 0, 0.780779, -87.6387, 45.4814, 19.079)
mother_run = NodePath("../../start")

[node name="Checkpoint5" parent="Runs/Spice from the tower/checkpoints" node_paths=PackedStringArray("mother_run") instance=ExtResource("11_3lgdr")]
transform = Transform3D(1, 0, 0, 0, 0.996421, 0.08453, 0, -0.08453, 0.996421, -91.7902, 45.9982, 24.3533)
mother_run = NodePath("../../start")

[node name="Checkpoint6" parent="Runs/Spice from the tower/checkpoints" node_paths=PackedStringArray("mother_run") instance=ExtResource("11_3lgdr")]
transform = Transform3D(0.695975, 0, -0.718066, 0, 1, 0, 0.718066, 0, 0.695975, -85.0072, 55.5055, 6.67099)
mother_run = NodePath("../../start")

[node name="Checkpoint7" parent="Runs/Spice from the tower/checkpoints" node_paths=PackedStringArray("mother_run") instance=ExtResource("11_3lgdr")]
transform = Transform3D(0.689935, 0, -0.723871, 0, 1, 0, 0.723871, 0, 0.689935, -94.1168, 61.2759, 18.4451)
mother_run = NodePath("../../start")

[node name="Sprite3D" type="Sprite3D" parent="."]
transform = Transform3D(-9.2, 0, 8.74228e-08, 0, 7.5, 0, -8.0429e-07, 0, -1, -94.8624, 57.0275, 106)
texture = ExtResource("12_tg8y5")

[node name="Bakery" type="Node3D" parent="."]
transform = Transform3D(1, 0, 0, 0, 1, 0, 0, 0, 1, -177, 11, -41)

[node name="CSGCombiner3D" type="CSGCombiner3D" parent="Bakery"]
transform = Transform3D(1, 0, 0, 0, 1, 0, 0, 0, 1, 0, -1, 0)
material_overlay = ExtResource("5_ovxex")
use_collision = true

[node name="CSGBox3D" type="CSGBox3D" parent="Bakery/CSGCombiner3D"]
transform = Transform3D(0.707107, 0, -0.707107, 0, 1, 0, 0.707107, 0, 0.707107, 1.14644, 3.5, -3.14645)
size = Vector3(16, 8, 19)

[node name="CSGBox3D3" type="CSGBox3D" parent="Bakery/CSGCombiner3D"]
transform = Transform3D(0.707107, 0, -0.707107, 0, 1, 0, 0.707107, 0, 0.707107, 1.14645, 7, -3.14645)
operation = 2
size = Vector3(14, 1, 17)

[node name="CSGBox3D2" type="CSGBox3D" parent="Bakery/CSGCombiner3D"]
transform = Transform3D(0.707107, 0, -0.707107, 0, 1, 0, 0.707107, 0, 0.707107, 11.3995, 3.5, -19.7635)
size = Vector3(7, 8, 19)

[node name="CSGBox3D4" type="CSGBox3D" parent="Bakery/CSGCombiner3D"]
transform = Transform3D(0.707107, 0, -0.707107, 0, 1, 0, 0.707107, 0, 0.707107, 9.98529, 7, -18.3492)
operation = 2
size = Vector3(5, 1, 17)

[node name="CSGBox3D5" type="CSGBox3D" parent="Bakery/CSGCombiner3D"]
transform = Transform3D(0.707107, 0, -0.707107, 0, 1, 0, 0.707107, 0, 0.707107, 1.14644, 2.5, -3.14645)
operation = 2
size = Vector3(14, 6, 17)

[node name="CSGBox3D6" type="CSGBox3D" parent="Bakery/CSGCombiner3D"]
transform = Transform3D(0.707107, 0, -0.707107, 0, 1, 0, 0.707107, 0, 0.707107, 5.74263, 1, 1.74265)
operation = 2
size = Vector3(4, 3, 4)

[node name="CSGBox3D7" type="CSGBox3D" parent="Bakery/CSGCombiner3D"]
transform = Transform3D(0.707107, 0, -0.707107, 0, 1, 0, 0.707107, 0, 0.707107, -8.75308, 1, -0.732227)
operation = 2
size = Vector3(2, 3, 3)

[node name="CSGBox3D8" type="CSGBox3D" parent="Bakery/CSGCombiner3D"]
transform = Transform3D(1, 0, 0, 0, 1, 0, 0, 0, 1, 5, 5, -18.5)
size = Vector3(3, 1, 4)

[node name="CSGBox3D9" type="CSGBox3D" parent="Bakery/CSGCombiner3D"]
transform = Transform3D(0.433706, 0, -0.901054, 0, 1, 0, 0.901054, 0, 0.433706, 5.51299, 6, -19.4581)
